Loss = 2.87628
y_pred: 
[0.23495]

Linear(in_features=10, out_features=21, bias=True)
w_gradient: 
[[ 7.0e-05  1.8e-04  6.0e-05  1.4e-04  4.0e-05  1.8e-04  1.3e-04  2.2e-04
   1.7e-04  1.8e-04]
 [ 6.0e-05  1.5e-04  5.0e-05  1.1e-04  3.0e-05  1.5e-04  1.1e-04  1.9e-04
   1.4e-04  1.5e-04]
 [ 0.0e+00  0.0e+00  0.0e+00  0.0e+00  0.0e+00  0.0e+00  0.0e+00  0.0e+00
   0.0e+00  0.0e+00]
 [ 2.0e-05  6.0e-05  2.0e-05  4.0e-05  1.0e-05  6.0e-05  4.0e-05  7.0e-05
   5.0e-05  6.0e-05]
 [ 0.0e+00  0.0e+00  0.0e+00  0.0e+00  0.0e+00  0.0e+00  0.0e+00  0.0e+00
   0.0e+00  0.0e+00]
 [-0.0e+00 -1.0e-05 -0.0e+00 -1.0e-05 -0.0e+00 -1.0e-05 -1.0e-05 -1.0e-05
  -1.0e-05 -1.0e-05]
 [ 4.0e-05  1.1e-04  4.0e-05  9.0e-05  2.0e-05  1.1e-04  8.0e-05  1.4e-04
   1.1e-04  1.1e-04]
 [-5.0e-05 -1.2e-04 -4.0e-05 -9.0e-05 -2.0e-05 -1.2e-04 -8.0e-05 -1.5e-04
  -1.1e-04 -1.1e-04]
 [ 0.0e+00  0.0e+00  0.0e+00  0.0e+00  0.0e+00  0.0e+00  0.0e+00  0.0e+00
   0.0e+00  0.0e+00]
 [ 3.0e-05  6.0e-05  2.0e-05  5.0e-05  1.0e-05  6.0e-05  5.0e-05  8.0e-05
   6.0e-05  6.0e-05]
 [-6.0e-05 -1.4e-04 -5.0e-05 -1.1e-04 -3.0e-05 -1.4e-04 -1.0e-04 -1.8e-04
  -1.3e-04 -1.4e-04]
 [ 0.0e+00  0.0e+00  0.0e+00  0.0e+00  0.0e+00  0.0e+00  0.0e+00  0.0e+00
   0.0e+00  0.0e+00]
 [ 0.0e+00  0.0e+00  0.0e+00  0.0e+00  0.0e+00  0.0e+00  0.0e+00  0.0e+00
   0.0e+00  0.0e+00]
 [ 0.0e+00  0.0e+00  0.0e+00  0.0e+00  0.0e+00  0.0e+00  0.0e+00  0.0e+00
   0.0e+00  0.0e+00]
 [-5.0e-05 -1.3e-04 -4.0e-05 -1.0e-04 -3.0e-05 -1.3e-04 -1.0e-04 -1.6e-04
  -1.3e-04 -1.3e-04]
 [-8.0e-05 -1.9e-04 -6.0e-05 -1.5e-04 -4.0e-05 -1.9e-04 -1.4e-04 -2.4e-04
  -1.8e-04 -1.9e-04]
 [ 0.0e+00  0.0e+00  0.0e+00  0.0e+00  0.0e+00  0.0e+00  0.0e+00  0.0e+00
   0.0e+00  0.0e+00]
 [ 1.0e-05  2.0e-05  1.0e-05  1.0e-05  0.0e+00  2.0e-05  1.0e-05  2.0e-05
   1.0e-05  2.0e-05]
 [ 3.0e-05  8.0e-05  3.0e-05  6.0e-05  2.0e-05  8.0e-05  6.0e-05  1.0e-04
   8.0e-05  8.0e-05]
 [-1.0e-05 -3.0e-05 -1.0e-05 -3.0e-05 -1.0e-05 -3.0e-05 -3.0e-05 -4.0e-05
  -3.0e-05 -3.0e-05]
 [ 0.0e+00  0.0e+00  0.0e+00  0.0e+00  0.0e+00  0.0e+00  0.0e+00  0.0e+00
   0.0e+00  0.0e+00]]
b_gradient: 
[ 2.4e-04  2.0e-04  0.0e+00  8.0e-05  0.0e+00 -1.0e-05  1.5e-04 -1.6e-04
  0.0e+00  9.0e-05 -1.9e-04  0.0e+00  0.0e+00  0.0e+00 -1.8e-04 -2.6e-04
  0.0e+00  2.0e-05  1.1e-04 -5.0e-05  0.0e+00]

Linear(in_features=21, out_features=21, bias=True)
w_gradient: 
[[ 4.0e-05  7.0e-05  0.0e+00  3.0e-05  0.0e+00  8.0e-05  7.0e-05  1.0e-04
   0.0e+00  1.0e-04  1.3e-04  0.0e+00  0.0e+00  0.0e+00  7.0e-05  1.7e-04
   0.0e+00  2.7e-04  7.0e-05  1.6e-04  0.0e+00]
 [ 0.0e+00  0.0e+00  0.0e+00  0.0e+00  0.0e+00  0.0e+00  0.0e+00  0.0e+00
   0.0e+00  0.0e+00  0.0e+00  0.0e+00  0.0e+00  0.0e+00  0.0e+00  0.0e+00
   0.0e+00  0.0e+00  0.0e+00  0.0e+00  0.0e+00]
 [ 8.0e-05  1.2e-04  0.0e+00  5.0e-05  0.0e+00  1.3e-04  1.3e-04  1.7e-04
   0.0e+00  1.7e-04  2.2e-04  0.0e+00  0.0e+00  0.0e+00  1.3e-04  2.8e-04
   0.0e+00  4.6e-04  1.2e-04  2.8e-04  0.0e+00]
 [-3.0e-05 -5.0e-05 -0.0e+00 -2.0e-05 -0.0e+00 -5.0e-05 -5.0e-05 -7.0e-05
  -0.0e+00 -7.0e-05 -9.0e-05 -0.0e+00 -0.0e+00 -0.0e+00 -5.0e-05 -1.1e-04
  -0.0e+00 -1.8e-04 -5.0e-05 -1.1e-04 -0.0e+00]
 [ 0.0e+00  0.0e+00  0.0e+00  0.0e+00  0.0e+00  0.0e+00  0.0e+00  0.0e+00
   0.0e+00  0.0e+00  0.0e+00  0.0e+00  0.0e+00  0.0e+00  0.0e+00  0.0e+00
   0.0e+00  0.0e+00  0.0e+00  0.0e+00  0.0e+00]
 [ 0.0e+00  0.0e+00  0.0e+00  0.0e+00  0.0e+00  0.0e+00  0.0e+00  0.0e+00
   0.0e+00  0.0e+00  0.0e+00  0.0e+00  0.0e+00  0.0e+00  0.0e+00  0.0e+00
   0.0e+00  0.0e+00  0.0e+00  0.0e+00  0.0e+00]
 [ 0.0e+00  0.0e+00  0.0e+00  0.0e+00  0.0e+00  0.0e+00  0.0e+00  0.0e+00
   0.0e+00  0.0e+00  0.0e+00  0.0e+00  0.0e+00  0.0e+00  0.0e+00  0.0e+00
   0.0e+00  0.0e+00  0.0e+00  0.0e+00  0.0e+00]
 [ 0.0e+00  0.0e+00  0.0e+00  0.0e+00  0.0e+00  0.0e+00  0.0e+00  0.0e+00
   0.0e+00  0.0e+00  0.0e+00  0.0e+00  0.0e+00  0.0e+00  0.0e+00  0.0e+00
   0.0e+00  0.0e+00  0.0e+00  0.0e+00  0.0e+00]
 [ 0.0e+00  0.0e+00  0.0e+00  0.0e+00  0.0e+00  0.0e+00  0.0e+00  0.0e+00
   0.0e+00  0.0e+00  0.0e+00  0.0e+00  0.0e+00  0.0e+00  0.0e+00  0.0e+00
   0.0e+00  0.0e+00  0.0e+00  0.0e+00  0.0e+00]
 [-4.0e-05 -7.0e-05 -0.0e+00 -3.0e-05 -0.0e+00 -7.0e-05 -7.0e-05 -1.0e-04
  -0.0e+00 -1.0e-04 -1.3e-04 -0.0e+00 -0.0e+00 -0.0e+00 -7.0e-05 -1.6e-04
  -0.0e+00 -2.6e-04 -7.0e-05 -1.6e-04 -0.0e+00]
 [ 3.0e-05  5.0e-05  0.0e+00  2.0e-05  0.0e+00  5.0e-05  5.0e-05  7.0e-05
   0.0e+00  7.0e-05  9.0e-05  0.0e+00  0.0e+00  0.0e+00  5.0e-05  1.1e-04
   0.0e+00  1.8e-04  5.0e-05  1.1e-04  0.0e+00]
 [-3.0e-05 -4.0e-05 -0.0e+00 -2.0e-05 -0.0e+00 -4.0e-05 -4.0e-05 -6.0e-05
  -0.0e+00 -6.0e-05 -8.0e-05 -0.0e+00 -0.0e+00 -0.0e+00 -4.0e-05 -1.0e-04
  -0.0e+00 -1.6e-04 -4.0e-05 -1.0e-04 -0.0e+00]
 [ 6.0e-05  1.0e-04  0.0e+00  4.0e-05  0.0e+00  1.0e-04  1.0e-04  1.4e-04
   0.0e+00  1.4e-04  1.7e-04  0.0e+00  0.0e+00  0.0e+00  1.0e-04  2.2e-04
   0.0e+00  3.6e-04  1.0e-04  2.2e-04  0.0e+00]
 [ 0.0e+00  0.0e+00  0.0e+00  0.0e+00  0.0e+00  0.0e+00  0.0e+00  0.0e+00
   0.0e+00  0.0e+00  0.0e+00  0.0e+00  0.0e+00  0.0e+00  0.0e+00  0.0e+00
   0.0e+00  0.0e+00  0.0e+00  0.0e+00  0.0e+00]
 [ 0.0e+00  0.0e+00  0.0e+00  0.0e+00  0.0e+00  0.0e+00  0.0e+00  0.0e+00
   0.0e+00  0.0e+00  0.0e+00  0.0e+00  0.0e+00  0.0e+00  0.0e+00  0.0e+00
   0.0e+00  0.0e+00  0.0e+00  0.0e+00  0.0e+00]
 [ 1.0e-05  2.0e-05  0.0e+00  1.0e-05  0.0e+00  2.0e-05  2.0e-05  3.0e-05
   0.0e+00  3.0e-05  4.0e-05  0.0e+00  0.0e+00  0.0e+00  2.0e-05  5.0e-05
   0.0e+00  8.0e-05  2.0e-05  5.0e-05  0.0e+00]
 [ 0.0e+00  0.0e+00  0.0e+00  0.0e+00  0.0e+00  0.0e+00  0.0e+00  0.0e+00
   0.0e+00  0.0e+00  0.0e+00  0.0e+00  0.0e+00  0.0e+00  0.0e+00  0.0e+00
   0.0e+00  0.0e+00  0.0e+00  0.0e+00  0.0e+00]
 [-1.0e-05 -2.0e-05 -0.0e+00 -1.0e-05 -0.0e+00 -2.0e-05 -2.0e-05 -2.0e-05
  -0.0e+00 -2.0e-05 -3.0e-05 -0.0e+00 -0.0e+00 -0.0e+00 -2.0e-05 -4.0e-05
  -0.0e+00 -6.0e-05 -2.0e-05 -4.0e-05 -0.0e+00]
 [ 0.0e+00  0.0e+00  0.0e+00  0.0e+00  0.0e+00  0.0e+00  0.0e+00  0.0e+00
   0.0e+00  0.0e+00  0.0e+00  0.0e+00  0.0e+00  0.0e+00  0.0e+00  0.0e+00
   0.0e+00  0.0e+00  0.0e+00  0.0e+00  0.0e+00]
 [ 0.0e+00  0.0e+00  0.0e+00  0.0e+00  0.0e+00  0.0e+00  0.0e+00  0.0e+00
   0.0e+00  0.0e+00  0.0e+00  0.0e+00  0.0e+00  0.0e+00  0.0e+00  0.0e+00
   0.0e+00  0.0e+00  0.0e+00  0.0e+00  0.0e+00]
 [-3.0e-05 -6.0e-05 -0.0e+00 -2.0e-05 -0.0e+00 -6.0e-05 -6.0e-05 -8.0e-05
  -0.0e+00 -8.0e-05 -1.0e-04 -0.0e+00 -0.0e+00 -0.0e+00 -6.0e-05 -1.3e-04
  -0.0e+00 -2.1e-04 -6.0e-05 -1.3e-04 -0.0e+00]]
b_gradient: 
[ 3.5e-04  0.0e+00  5.9e-04 -2.3e-04  0.0e+00  0.0e+00  0.0e+00  0.0e+00
  0.0e+00 -3.4e-04  2.3e-04 -2.0e-04  4.7e-04  0.0e+00  0.0e+00  1.1e-04
  0.0e+00 -8.0e-05  0.0e+00  0.0e+00 -2.7e-04]

Linear(in_features=21, out_features=21, bias=True)
w_gradient: 
[[-4.3e-04 -0.0e+00 -3.0e-05 -5.5e-04 -0.0e+00 -0.0e+00 -0.0e+00 -0.0e+00
  -0.0e+00 -3.3e-04 -2.1e-04 -1.6e-04 -2.6e-04 -0.0e+00 -0.0e+00 -1.7e-04
  -0.0e+00 -1.5e-04 -0.0e+00 -0.0e+00 -4.0e-05]
 [ 2.8e-04  0.0e+00  2.0e-05  3.5e-04  0.0e+00  0.0e+00  0.0e+00  0.0e+00
   0.0e+00  2.1e-04  1.3e-04  1.0e-04  1.6e-04  0.0e+00  0.0e+00  1.1e-04
   0.0e+00  1.0e-04  0.0e+00  0.0e+00  2.0e-05]
 [ 0.0e+00  0.0e+00  0.0e+00  0.0e+00  0.0e+00  0.0e+00  0.0e+00  0.0e+00
   0.0e+00  0.0e+00  0.0e+00  0.0e+00  0.0e+00  0.0e+00  0.0e+00  0.0e+00
   0.0e+00  0.0e+00  0.0e+00  0.0e+00  0.0e+00]
 [ 0.0e+00  0.0e+00  0.0e+00  0.0e+00  0.0e+00  0.0e+00  0.0e+00  0.0e+00
   0.0e+00  0.0e+00  0.0e+00  0.0e+00  0.0e+00  0.0e+00  0.0e+00  0.0e+00
   0.0e+00  0.0e+00  0.0e+00  0.0e+00  0.0e+00]
 [ 0.0e+00  0.0e+00  0.0e+00  0.0e+00  0.0e+00  0.0e+00  0.0e+00  0.0e+00
   0.0e+00  0.0e+00  0.0e+00  0.0e+00  0.0e+00  0.0e+00  0.0e+00  0.0e+00
   0.0e+00  0.0e+00  0.0e+00  0.0e+00  0.0e+00]
 [ 8.0e-05  0.0e+00  1.0e-05  1.1e-04  0.0e+00  0.0e+00  0.0e+00  0.0e+00
   0.0e+00  6.0e-05  4.0e-05  3.0e-05  5.0e-05  0.0e+00  0.0e+00  3.0e-05
   0.0e+00  3.0e-05  0.0e+00  0.0e+00  1.0e-05]
 [ 0.0e+00  0.0e+00  0.0e+00  0.0e+00  0.0e+00  0.0e+00  0.0e+00  0.0e+00
   0.0e+00  0.0e+00  0.0e+00  0.0e+00  0.0e+00  0.0e+00  0.0e+00  0.0e+00
   0.0e+00  0.0e+00  0.0e+00  0.0e+00  0.0e+00]
 [-6.0e-05 -0.0e+00 -0.0e+00 -8.0e-05 -0.0e+00 -0.0e+00 -0.0e+00 -0.0e+00
  -0.0e+00 -5.0e-05 -3.0e-05 -2.0e-05 -4.0e-05 -0.0e+00 -0.0e+00 -2.0e-05
  -0.0e+00 -2.0e-05 -0.0e+00 -0.0e+00 -1.0e-05]
 [ 0.0e+00  0.0e+00  0.0e+00  0.0e+00  0.0e+00  0.0e+00  0.0e+00  0.0e+00
   0.0e+00  0.0e+00  0.0e+00  0.0e+00  0.0e+00  0.0e+00  0.0e+00  0.0e+00
   0.0e+00  0.0e+00  0.0e+00  0.0e+00  0.0e+00]
 [ 2.7e-04  0.0e+00  2.0e-05  3.4e-04  0.0e+00  0.0e+00  0.0e+00  0.0e+00
   0.0e+00  2.0e-04  1.3e-04  1.0e-04  1.6e-04  0.0e+00  0.0e+00  1.0e-04
   0.0e+00  1.0e-04  0.0e+00  0.0e+00  2.0e-05]
 [ 0.0e+00  0.0e+00  0.0e+00  0.0e+00  0.0e+00  0.0e+00  0.0e+00  0.0e+00
   0.0e+00  0.0e+00  0.0e+00  0.0e+00  0.0e+00  0.0e+00  0.0e+00  0.0e+00
   0.0e+00  0.0e+00  0.0e+00  0.0e+00  0.0e+00]
 [ 6.5e-04  0.0e+00  4.0e-05  8.3e-04  0.0e+00  0.0e+00  0.0e+00  0.0e+00
   0.0e+00  4.9e-04  3.2e-04  2.4e-04  3.8e-04  0.0e+00  0.0e+00  2.5e-04
   0.0e+00  2.3e-04  0.0e+00  0.0e+00  5.0e-05]
 [ 3.0e-05  0.0e+00  0.0e+00  4.0e-05  0.0e+00  0.0e+00  0.0e+00  0.0e+00
   0.0e+00  2.0e-05  2.0e-05  1.0e-05  2.0e-05  0.0e+00  0.0e+00  1.0e-05
   0.0e+00  1.0e-05  0.0e+00  0.0e+00  0.0e+00]
 [ 0.0e+00  0.0e+00  0.0e+00  0.0e+00  0.0e+00  0.0e+00  0.0e+00  0.0e+00
   0.0e+00  0.0e+00  0.0e+00  0.0e+00  0.0e+00  0.0e+00  0.0e+00  0.0e+00
   0.0e+00  0.0e+00  0.0e+00  0.0e+00  0.0e+00]
 [ 0.0e+00  0.0e+00  0.0e+00  0.0e+00  0.0e+00  0.0e+00  0.0e+00  0.0e+00
   0.0e+00  0.0e+00  0.0e+00  0.0e+00  0.0e+00  0.0e+00  0.0e+00  0.0e+00
   0.0e+00  0.0e+00  0.0e+00  0.0e+00  0.0e+00]
 [-2.1e-04 -0.0e+00 -1.0e-05 -2.7e-04 -0.0e+00 -0.0e+00 -0.0e+00 -0.0e+00
  -0.0e+00 -1.6e-04 -1.0e-04 -8.0e-05 -1.2e-04 -0.0e+00 -0.0e+00 -8.0e-05
  -0.0e+00 -7.0e-05 -0.0e+00 -0.0e+00 -2.0e-05]
 [ 0.0e+00  0.0e+00  0.0e+00  0.0e+00  0.0e+00  0.0e+00  0.0e+00  0.0e+00
   0.0e+00  0.0e+00  0.0e+00  0.0e+00  0.0e+00  0.0e+00  0.0e+00  0.0e+00
   0.0e+00  0.0e+00  0.0e+00  0.0e+00  0.0e+00]
 [ 0.0e+00  0.0e+00  0.0e+00  0.0e+00  0.0e+00  0.0e+00  0.0e+00  0.0e+00
   0.0e+00  0.0e+00  0.0e+00  0.0e+00  0.0e+00  0.0e+00  0.0e+00  0.0e+00
   0.0e+00  0.0e+00  0.0e+00  0.0e+00  0.0e+00]
 [ 0.0e+00  0.0e+00  0.0e+00  0.0e+00  0.0e+00  0.0e+00  0.0e+00  0.0e+00
   0.0e+00  0.0e+00  0.0e+00  0.0e+00  0.0e+00  0.0e+00  0.0e+00  0.0e+00
   0.0e+00  0.0e+00  0.0e+00  0.0e+00  0.0e+00]
 [ 1.1e-04  0.0e+00  1.0e-05  1.4e-04  0.0e+00  0.0e+00  0.0e+00  0.0e+00
   0.0e+00  8.0e-05  5.0e-05  4.0e-05  7.0e-05  0.0e+00  0.0e+00  4.0e-05
   0.0e+00  4.0e-05  0.0e+00  0.0e+00  1.0e-05]
 [-4.6e-04 -0.0e+00 -3.0e-05 -5.9e-04 -0.0e+00 -0.0e+00 -0.0e+00 -0.0e+00
  -0.0e+00 -3.5e-04 -2.2e-04 -1.7e-04 -2.7e-04 -0.0e+00 -0.0e+00 -1.8e-04
  -0.0e+00 -1.6e-04 -0.0e+00 -0.0e+00 -4.0e-05]]
b_gradient: 
[-1.14e-03  7.20e-04  0.00e+00  0.00e+00  0.00e+00  2.20e-04  0.00e+00
 -1.70e-04  0.00e+00  7.10e-04  0.00e+00  1.72e-03  8.00e-05  0.00e+00
  0.00e+00 -5.50e-04  0.00e+00  0.00e+00  0.00e+00  2.90e-04 -1.21e-03]

Linear(in_features=21, out_features=21, bias=True)
w_gradient: 
[[ 0.0e+00  0.0e+00  0.0e+00  0.0e+00  0.0e+00  0.0e+00  0.0e+00  0.0e+00
   0.0e+00  0.0e+00  0.0e+00  0.0e+00  0.0e+00  0.0e+00  0.0e+00  0.0e+00
   0.0e+00  0.0e+00  0.0e+00  0.0e+00  0.0e+00]
 [ 0.0e+00  0.0e+00  0.0e+00  0.0e+00  0.0e+00  0.0e+00  0.0e+00  0.0e+00
   0.0e+00  0.0e+00  0.0e+00  0.0e+00  0.0e+00  0.0e+00  0.0e+00  0.0e+00
   0.0e+00  0.0e+00  0.0e+00  0.0e+00  0.0e+00]
 [-7.0e-05 -9.0e-05 -0.0e+00 -0.0e+00 -0.0e+00 -2.5e-04 -0.0e+00 -1.5e-04
  -0.0e+00 -3.0e-05 -0.0e+00 -1.6e-04 -4.0e-05 -0.0e+00 -0.0e+00 -1.7e-04
  -0.0e+00 -0.0e+00 -0.0e+00 -9.0e-05 -1.6e-04]
 [-6.0e-05 -8.0e-05 -0.0e+00 -0.0e+00 -0.0e+00 -2.2e-04 -0.0e+00 -1.3e-04
  -0.0e+00 -2.0e-05 -0.0e+00 -1.4e-04 -3.0e-05 -0.0e+00 -0.0e+00 -1.5e-04
  -0.0e+00 -0.0e+00 -0.0e+00 -8.0e-05 -1.4e-04]
 [ 5.0e-05  7.0e-05  0.0e+00  0.0e+00  0.0e+00  2.0e-04  0.0e+00  1.3e-04
   0.0e+00  2.0e-05  0.0e+00  1.3e-04  3.0e-05  0.0e+00  0.0e+00  1.4e-04
   0.0e+00  0.0e+00  0.0e+00  7.0e-05  1.3e-04]
 [ 0.0e+00  0.0e+00  0.0e+00  0.0e+00  0.0e+00  0.0e+00  0.0e+00  0.0e+00
   0.0e+00  0.0e+00  0.0e+00  0.0e+00  0.0e+00  0.0e+00  0.0e+00  0.0e+00
   0.0e+00  0.0e+00  0.0e+00  0.0e+00  0.0e+00]
 [ 0.0e+00  0.0e+00  0.0e+00  0.0e+00  0.0e+00  0.0e+00  0.0e+00  0.0e+00
   0.0e+00  0.0e+00  0.0e+00  0.0e+00  0.0e+00  0.0e+00  0.0e+00  0.0e+00
   0.0e+00  0.0e+00  0.0e+00  0.0e+00  0.0e+00]
 [ 0.0e+00  0.0e+00  0.0e+00  0.0e+00  0.0e+00  0.0e+00  0.0e+00  0.0e+00
   0.0e+00  0.0e+00  0.0e+00  0.0e+00  0.0e+00  0.0e+00  0.0e+00  0.0e+00
   0.0e+00  0.0e+00  0.0e+00  0.0e+00  0.0e+00]
 [ 0.0e+00  0.0e+00  0.0e+00  0.0e+00  0.0e+00  0.0e+00  0.0e+00  0.0e+00
   0.0e+00  0.0e+00  0.0e+00  0.0e+00  0.0e+00  0.0e+00  0.0e+00  0.0e+00
   0.0e+00  0.0e+00  0.0e+00  0.0e+00  0.0e+00]
 [ 1.3e-04  1.7e-04  0.0e+00  0.0e+00  0.0e+00  5.0e-04  0.0e+00  3.1e-04
   0.0e+00  6.0e-05  0.0e+00  3.3e-04  7.0e-05  0.0e+00  0.0e+00  3.4e-04
   0.0e+00  0.0e+00  0.0e+00  1.8e-04  3.2e-04]
 [ 0.0e+00  0.0e+00  0.0e+00  0.0e+00  0.0e+00  0.0e+00  0.0e+00  0.0e+00
   0.0e+00  0.0e+00  0.0e+00  0.0e+00  0.0e+00  0.0e+00  0.0e+00  0.0e+00
   0.0e+00  0.0e+00  0.0e+00  0.0e+00  0.0e+00]
 [ 2.0e-04  2.7e-04  0.0e+00  0.0e+00  0.0e+00  7.6e-04  0.0e+00  4.7e-04
   0.0e+00  9.0e-05  0.0e+00  5.0e-04  1.1e-04  0.0e+00  0.0e+00  5.2e-04
   0.0e+00  0.0e+00  0.0e+00  2.7e-04  4.9e-04]
 [-2.0e-05 -3.0e-05 -0.0e+00 -0.0e+00 -0.0e+00 -8.0e-05 -0.0e+00 -5.0e-05
  -0.0e+00 -1.0e-05 -0.0e+00 -5.0e-05 -1.0e-05 -0.0e+00 -0.0e+00 -5.0e-05
  -0.0e+00 -0.0e+00 -0.0e+00 -3.0e-05 -5.0e-05]
 [ 0.0e+00  0.0e+00  0.0e+00  0.0e+00  0.0e+00  0.0e+00  0.0e+00  0.0e+00
   0.0e+00  0.0e+00  0.0e+00  0.0e+00  0.0e+00  0.0e+00  0.0e+00  0.0e+00
   0.0e+00  0.0e+00  0.0e+00  0.0e+00  0.0e+00]
 [-1.9e-04 -2.5e-04 -0.0e+00 -0.0e+00 -0.0e+00 -7.0e-04 -0.0e+00 -4.3e-04
  -0.0e+00 -8.0e-05 -0.0e+00 -4.6e-04 -1.1e-04 -0.0e+00 -0.0e+00 -4.8e-04
  -0.0e+00 -0.0e+00 -0.0e+00 -2.5e-04 -4.5e-04]
 [ 0.0e+00  0.0e+00  0.0e+00  0.0e+00  0.0e+00  0.0e+00  0.0e+00  0.0e+00
   0.0e+00  0.0e+00  0.0e+00  0.0e+00  0.0e+00  0.0e+00  0.0e+00  0.0e+00
   0.0e+00  0.0e+00  0.0e+00  0.0e+00  0.0e+00]
 [ 0.0e+00  0.0e+00  0.0e+00  0.0e+00  0.0e+00  0.0e+00  0.0e+00  0.0e+00
   0.0e+00  0.0e+00  0.0e+00  0.0e+00  0.0e+00  0.0e+00  0.0e+00  0.0e+00
   0.0e+00  0.0e+00  0.0e+00  0.0e+00  0.0e+00]
 [ 0.0e+00  0.0e+00  0.0e+00  0.0e+00  0.0e+00  0.0e+00  0.0e+00  0.0e+00
   0.0e+00  0.0e+00  0.0e+00  0.0e+00  0.0e+00  0.0e+00  0.0e+00  0.0e+00
   0.0e+00  0.0e+00  0.0e+00  0.0e+00  0.0e+00]
 [-2.0e-04 -2.7e-04 -0.0e+00 -0.0e+00 -0.0e+00 -7.7e-04 -0.0e+00 -4.7e-04
  -0.0e+00 -9.0e-05 -0.0e+00 -5.0e-04 -1.1e-04 -0.0e+00 -0.0e+00 -5.3e-04
  -0.0e+00 -0.0e+00 -0.0e+00 -2.7e-04 -5.0e-04]
 [ 3.0e-05  4.0e-05  0.0e+00  0.0e+00  0.0e+00  1.2e-04  0.0e+00  7.0e-05
   0.0e+00  1.0e-05  0.0e+00  8.0e-05  2.0e-05  0.0e+00  0.0e+00  8.0e-05
   0.0e+00  0.0e+00  0.0e+00  4.0e-05  8.0e-05]
 [ 3.0e-05  3.0e-05  0.0e+00  0.0e+00  0.0e+00  1.0e-04  0.0e+00  6.0e-05
   0.0e+00  1.0e-05  0.0e+00  6.0e-05  1.0e-05  0.0e+00  0.0e+00  7.0e-05
   0.0e+00  0.0e+00  0.0e+00  4.0e-05  6.0e-05]]
b_gradient: 
[ 0.       0.      -0.00114 -0.00098  0.00093  0.       0.       0.
  0.       0.00227  0.       0.00348 -0.00035  0.      -0.00321  0.
  0.       0.      -0.0035   0.00055  0.00045]

Linear(in_features=21, out_features=21, bias=True)
w_gradient: 
[[-0.00e+00 -0.00e+00 -7.00e-05 -4.00e-04 -6.50e-04 -0.00e+00 -0.00e+00
  -0.00e+00 -0.00e+00 -6.30e-04 -0.00e+00 -1.80e-04 -6.60e-04 -0.00e+00
  -6.30e-04 -0.00e+00 -0.00e+00 -0.00e+00 -2.80e-04 -4.80e-04 -7.00e-05]
 [ 0.00e+00  0.00e+00  0.00e+00  0.00e+00  0.00e+00  0.00e+00  0.00e+00
   0.00e+00  0.00e+00  0.00e+00  0.00e+00  0.00e+00  0.00e+00  0.00e+00
   0.00e+00  0.00e+00  0.00e+00  0.00e+00  0.00e+00  0.00e+00  0.00e+00]
 [ 0.00e+00  0.00e+00  5.00e-05  2.90e-04  4.70e-04  0.00e+00  0.00e+00
   0.00e+00  0.00e+00  4.60e-04  0.00e+00  1.30e-04  4.80e-04  0.00e+00
   4.60e-04  0.00e+00  0.00e+00  0.00e+00  2.00e-04  3.40e-04  5.00e-05]
 [-0.00e+00 -0.00e+00 -5.00e-05 -3.10e-04 -5.10e-04 -0.00e+00 -0.00e+00
  -0.00e+00 -0.00e+00 -4.90e-04 -0.00e+00 -1.40e-04 -5.10e-04 -0.00e+00
  -4.90e-04 -0.00e+00 -0.00e+00 -0.00e+00 -2.10e-04 -3.70e-04 -6.00e-05]
 [ 0.00e+00  0.00e+00  0.00e+00  0.00e+00  0.00e+00  0.00e+00  0.00e+00
   0.00e+00  0.00e+00  0.00e+00  0.00e+00  0.00e+00  0.00e+00  0.00e+00
   0.00e+00  0.00e+00  0.00e+00  0.00e+00  0.00e+00  0.00e+00  0.00e+00]
 [ 0.00e+00  0.00e+00  0.00e+00  0.00e+00  0.00e+00  0.00e+00  0.00e+00
   0.00e+00  0.00e+00  0.00e+00  0.00e+00  0.00e+00  0.00e+00  0.00e+00
   0.00e+00  0.00e+00  0.00e+00  0.00e+00  0.00e+00  0.00e+00  0.00e+00]
 [ 0.00e+00  0.00e+00  0.00e+00  0.00e+00  0.00e+00  0.00e+00  0.00e+00
   0.00e+00  0.00e+00  0.00e+00  0.00e+00  0.00e+00  0.00e+00  0.00e+00
   0.00e+00  0.00e+00  0.00e+00  0.00e+00  0.00e+00  0.00e+00  0.00e+00]
 [-0.00e+00 -0.00e+00 -2.20e-04 -1.34e-03 -2.17e-03 -0.00e+00 -0.00e+00
  -0.00e+00 -0.00e+00 -2.10e-03 -0.00e+00 -5.90e-04 -2.18e-03 -0.00e+00
  -2.11e-03 -0.00e+00 -0.00e+00 -0.00e+00 -9.20e-04 -1.58e-03 -2.40e-04]
 [ 0.00e+00  0.00e+00  1.00e-05  8.00e-05  1.30e-04  0.00e+00  0.00e+00
   0.00e+00  0.00e+00  1.20e-04  0.00e+00  3.00e-05  1.30e-04  0.00e+00
   1.20e-04  0.00e+00  0.00e+00  0.00e+00  5.00e-05  9.00e-05  1.00e-05]
 [ 0.00e+00  0.00e+00  0.00e+00  0.00e+00  0.00e+00  0.00e+00  0.00e+00
   0.00e+00  0.00e+00  0.00e+00  0.00e+00  0.00e+00  0.00e+00  0.00e+00
   0.00e+00  0.00e+00  0.00e+00  0.00e+00  0.00e+00  0.00e+00  0.00e+00]
 [ 0.00e+00  0.00e+00  0.00e+00  0.00e+00  0.00e+00  0.00e+00  0.00e+00
   0.00e+00  0.00e+00  0.00e+00  0.00e+00  0.00e+00  0.00e+00  0.00e+00
   0.00e+00  0.00e+00  0.00e+00  0.00e+00  0.00e+00  0.00e+00  0.00e+00]
 [ 0.00e+00  0.00e+00  0.00e+00  0.00e+00  0.00e+00  0.00e+00  0.00e+00
   0.00e+00  0.00e+00  0.00e+00  0.00e+00  0.00e+00  0.00e+00  0.00e+00
   0.00e+00  0.00e+00  0.00e+00  0.00e+00  0.00e+00  0.00e+00  0.00e+00]
 [-0.00e+00 -0.00e+00 -2.00e-05 -1.20e-04 -2.00e-04 -0.00e+00 -0.00e+00
  -0.00e+00 -0.00e+00 -1.90e-04 -0.00e+00 -5.00e-05 -2.00e-04 -0.00e+00
  -1.90e-04 -0.00e+00 -0.00e+00 -0.00e+00 -8.00e-05 -1.40e-04 -2.00e-05]
 [-0.00e+00 -0.00e+00 -5.00e-05 -2.90e-04 -4.60e-04 -0.00e+00 -0.00e+00
  -0.00e+00 -0.00e+00 -4.50e-04 -0.00e+00 -1.30e-04 -4.60e-04 -0.00e+00
  -4.50e-04 -0.00e+00 -0.00e+00 -0.00e+00 -2.00e-04 -3.40e-04 -5.00e-05]
 [-0.00e+00 -0.00e+00 -1.90e-04 -1.20e-03 -1.93e-03 -0.00e+00 -0.00e+00
  -0.00e+00 -0.00e+00 -1.87e-03 -0.00e+00 -5.30e-04 -1.94e-03 -0.00e+00
  -1.87e-03 -0.00e+00 -0.00e+00 -0.00e+00 -8.20e-04 -1.41e-03 -2.20e-04]
 [-0.00e+00 -0.00e+00 -5.00e-05 -3.10e-04 -5.00e-04 -0.00e+00 -0.00e+00
  -0.00e+00 -0.00e+00 -4.80e-04 -0.00e+00 -1.30e-04 -5.00e-04 -0.00e+00
  -4.80e-04 -0.00e+00 -0.00e+00 -0.00e+00 -2.10e-04 -3.60e-04 -6.00e-05]
 [ 0.00e+00  0.00e+00  0.00e+00  0.00e+00  0.00e+00  0.00e+00  0.00e+00
   0.00e+00  0.00e+00  0.00e+00  0.00e+00  0.00e+00  0.00e+00  0.00e+00
   0.00e+00  0.00e+00  0.00e+00  0.00e+00  0.00e+00  0.00e+00  0.00e+00]
 [ 0.00e+00  0.00e+00  0.00e+00  0.00e+00  0.00e+00  0.00e+00  0.00e+00
   0.00e+00  0.00e+00  0.00e+00  0.00e+00  0.00e+00  0.00e+00  0.00e+00
   0.00e+00  0.00e+00  0.00e+00  0.00e+00  0.00e+00  0.00e+00  0.00e+00]
 [ 0.00e+00  0.00e+00  0.00e+00  0.00e+00  0.00e+00  0.00e+00  0.00e+00
   0.00e+00  0.00e+00  0.00e+00  0.00e+00  0.00e+00  0.00e+00  0.00e+00
   0.00e+00  0.00e+00  0.00e+00  0.00e+00  0.00e+00  0.00e+00  0.00e+00]
 [ 0.00e+00  0.00e+00  0.00e+00  0.00e+00  0.00e+00  0.00e+00  0.00e+00
   0.00e+00  0.00e+00  0.00e+00  0.00e+00  0.00e+00  0.00e+00  0.00e+00
   0.00e+00  0.00e+00  0.00e+00  0.00e+00  0.00e+00  0.00e+00  0.00e+00]
 [-0.00e+00 -0.00e+00 -5.00e-05 -3.20e-04 -5.20e-04 -0.00e+00 -0.00e+00
  -0.00e+00 -0.00e+00 -5.00e-04 -0.00e+00 -1.40e-04 -5.20e-04 -0.00e+00
  -5.10e-04 -0.00e+00 -0.00e+00 -0.00e+00 -2.20e-04 -3.80e-04 -6.00e-05]]
b_gradient: 
[-0.00392  0.       0.00283 -0.00303  0.       0.       0.      -0.01302
  0.00076  0.       0.       0.      -0.00119 -0.00277 -0.01159 -0.00297
  0.       0.       0.       0.      -0.00312]

Linear(in_features=21, out_features=21, bias=True)
w_gradient: 
[[ 1.18e-03  0.00e+00  4.10e-04  4.90e-04  0.00e+00  0.00e+00  0.00e+00
   1.68e-03  4.00e-04  0.00e+00  0.00e+00  0.00e+00  4.80e-04  5.70e-04
   8.90e-04  5.70e-04  0.00e+00  0.00e+00  0.00e+00  0.00e+00  1.52e-03]
 [ 0.00e+00  0.00e+00  0.00e+00  0.00e+00  0.00e+00  0.00e+00  0.00e+00
   0.00e+00  0.00e+00  0.00e+00  0.00e+00  0.00e+00  0.00e+00  0.00e+00
   0.00e+00  0.00e+00  0.00e+00  0.00e+00  0.00e+00  0.00e+00  0.00e+00]
 [ 0.00e+00  0.00e+00  0.00e+00  0.00e+00  0.00e+00  0.00e+00  0.00e+00
   0.00e+00  0.00e+00  0.00e+00  0.00e+00  0.00e+00  0.00e+00  0.00e+00
   0.00e+00  0.00e+00  0.00e+00  0.00e+00  0.00e+00  0.00e+00  0.00e+00]
 [-2.73e-03 -0.00e+00 -9.30e-04 -1.14e-03 -0.00e+00 -0.00e+00 -0.00e+00
  -3.86e-03 -9.20e-04 -0.00e+00 -0.00e+00 -0.00e+00 -1.10e-03 -1.32e-03
  -2.05e-03 -1.30e-03 -0.00e+00 -0.00e+00 -0.00e+00 -0.00e+00 -3.51e-03]
 [-3.94e-03 -0.00e+00 -1.35e-03 -1.64e-03 -0.00e+00 -0.00e+00 -0.00e+00
  -5.58e-03 -1.33e-03 -0.00e+00 -0.00e+00 -0.00e+00 -1.59e-03 -1.90e-03
  -2.95e-03 -1.88e-03 -0.00e+00 -0.00e+00 -0.00e+00 -0.00e+00 -5.07e-03]
 [-4.27e-03 -0.00e+00 -1.46e-03 -1.78e-03 -0.00e+00 -0.00e+00 -0.00e+00
  -6.04e-03 -1.44e-03 -0.00e+00 -0.00e+00 -0.00e+00 -1.72e-03 -2.06e-03
  -3.20e-03 -2.04e-03 -0.00e+00 -0.00e+00 -0.00e+00 -0.00e+00 -5.49e-03]
 [ 0.00e+00  0.00e+00  0.00e+00  0.00e+00  0.00e+00  0.00e+00  0.00e+00
   0.00e+00  0.00e+00  0.00e+00  0.00e+00  0.00e+00  0.00e+00  0.00e+00
   0.00e+00  0.00e+00  0.00e+00  0.00e+00  0.00e+00  0.00e+00  0.00e+00]
 [ 0.00e+00  0.00e+00  0.00e+00  0.00e+00  0.00e+00  0.00e+00  0.00e+00
   0.00e+00  0.00e+00  0.00e+00  0.00e+00  0.00e+00  0.00e+00  0.00e+00
   0.00e+00  0.00e+00  0.00e+00  0.00e+00  0.00e+00  0.00e+00  0.00e+00]
 [ 0.00e+00  0.00e+00  0.00e+00  0.00e+00  0.00e+00  0.00e+00  0.00e+00
   0.00e+00  0.00e+00  0.00e+00  0.00e+00  0.00e+00  0.00e+00  0.00e+00
   0.00e+00  0.00e+00  0.00e+00  0.00e+00  0.00e+00  0.00e+00  0.00e+00]
 [ 0.00e+00  0.00e+00  0.00e+00  0.00e+00  0.00e+00  0.00e+00  0.00e+00
   0.00e+00  0.00e+00  0.00e+00  0.00e+00  0.00e+00  0.00e+00  0.00e+00
   0.00e+00  0.00e+00  0.00e+00  0.00e+00  0.00e+00  0.00e+00  0.00e+00]
 [-4.55e-03 -0.00e+00 -1.56e-03 -1.90e-03 -0.00e+00 -0.00e+00 -0.00e+00
  -6.44e-03 -1.54e-03 -0.00e+00 -0.00e+00 -0.00e+00 -1.83e-03 -2.20e-03
  -3.41e-03 -2.17e-03 -0.00e+00 -0.00e+00 -0.00e+00 -0.00e+00 -5.85e-03]
 [ 1.00e-04  0.00e+00  3.00e-05  4.00e-05  0.00e+00  0.00e+00  0.00e+00
   1.40e-04  3.00e-05  0.00e+00  0.00e+00  0.00e+00  4.00e-05  5.00e-05
   8.00e-05  5.00e-05  0.00e+00  0.00e+00  0.00e+00  0.00e+00  1.30e-04]
 [ 3.10e-04  0.00e+00  1.00e-04  1.30e-04  0.00e+00  0.00e+00  0.00e+00
   4.30e-04  1.00e-04  0.00e+00  0.00e+00  0.00e+00  1.20e-04  1.50e-04
   2.30e-04  1.50e-04  0.00e+00  0.00e+00  0.00e+00  0.00e+00  3.90e-04]
 [-2.79e-03 -0.00e+00 -9.50e-04 -1.16e-03 -0.00e+00 -0.00e+00 -0.00e+00
  -3.95e-03 -9.40e-04 -0.00e+00 -0.00e+00 -0.00e+00 -1.12e-03 -1.35e-03
  -2.09e-03 -1.33e-03 -0.00e+00 -0.00e+00 -0.00e+00 -0.00e+00 -3.59e-03]
 [ 0.00e+00  0.00e+00  0.00e+00  0.00e+00  0.00e+00  0.00e+00  0.00e+00
   0.00e+00  0.00e+00  0.00e+00  0.00e+00  0.00e+00  0.00e+00  0.00e+00
   0.00e+00  0.00e+00  0.00e+00  0.00e+00  0.00e+00  0.00e+00  0.00e+00]
 [ 0.00e+00  0.00e+00  0.00e+00  0.00e+00  0.00e+00  0.00e+00  0.00e+00
   0.00e+00  0.00e+00  0.00e+00  0.00e+00  0.00e+00  0.00e+00  0.00e+00
   0.00e+00  0.00e+00  0.00e+00  0.00e+00  0.00e+00  0.00e+00  0.00e+00]
 [ 0.00e+00  0.00e+00  0.00e+00  0.00e+00  0.00e+00  0.00e+00  0.00e+00
   0.00e+00  0.00e+00  0.00e+00  0.00e+00  0.00e+00  0.00e+00  0.00e+00
   0.00e+00  0.00e+00  0.00e+00  0.00e+00  0.00e+00  0.00e+00  0.00e+00]
 [ 2.41e-03  0.00e+00  8.20e-04  1.00e-03  0.00e+00  0.00e+00  0.00e+00
   3.41e-03  8.10e-04  0.00e+00  0.00e+00  0.00e+00  9.70e-04  1.16e-03
   1.80e-03  1.15e-03  0.00e+00  0.00e+00  0.00e+00  0.00e+00  3.10e-03]
 [ 0.00e+00  0.00e+00  0.00e+00  0.00e+00  0.00e+00  0.00e+00  0.00e+00
   0.00e+00  0.00e+00  0.00e+00  0.00e+00  0.00e+00  0.00e+00  0.00e+00
   0.00e+00  0.00e+00  0.00e+00  0.00e+00  0.00e+00  0.00e+00  0.00e+00]
 [-2.92e-03 -0.00e+00 -1.00e-03 -1.22e-03 -0.00e+00 -0.00e+00 -0.00e+00
  -4.13e-03 -9.90e-04 -0.00e+00 -0.00e+00 -0.00e+00 -1.17e-03 -1.41e-03
  -2.19e-03 -1.39e-03 -0.00e+00 -0.00e+00 -0.00e+00 -0.00e+00 -3.75e-03]
 [ 1.63e-03  0.00e+00  5.60e-04  6.80e-04  0.00e+00  0.00e+00  0.00e+00
   2.30e-03  5.50e-04  0.00e+00  0.00e+00  0.00e+00  6.60e-04  7.90e-04
   1.22e-03  7.80e-04  0.00e+00  0.00e+00  0.00e+00  0.00e+00  2.09e-03]]
b_gradient: 
[ 0.00824  0.       0.      -0.01896 -0.02739 -0.02965  0.       0.
  0.       0.      -0.03163  0.0007   0.00212 -0.01938  0.       0.
  0.       0.01674  0.      -0.02028  0.01131]

Linear(in_features=21, out_features=21, bias=True)
w_gradient: 
[[ 0.01041  0.       0.       0.00659  0.00152  0.00317  0.       0.
   0.       0.       0.00758  0.00207  0.0073   0.00736  0.       0.
   0.       0.00347  0.       0.00141  0.00534]
 [ 0.       0.       0.       0.       0.       0.       0.       0.
   0.       0.       0.       0.       0.       0.       0.       0.
   0.       0.       0.       0.       0.     ]
 [-0.00259 -0.      -0.      -0.00164 -0.00038 -0.00079 -0.      -0.
  -0.      -0.      -0.00188 -0.00051 -0.00181 -0.00183 -0.      -0.
  -0.      -0.00086 -0.      -0.00035 -0.00133]
 [ 0.00524  0.       0.       0.00332  0.00077  0.0016   0.       0.
   0.       0.       0.00382  0.00104  0.00368  0.00371  0.       0.
   0.       0.00175  0.       0.00071  0.00269]
 [-0.00225 -0.      -0.      -0.00143 -0.00033 -0.00069 -0.      -0.
  -0.      -0.      -0.00164 -0.00045 -0.00158 -0.00159 -0.      -0.
  -0.      -0.00075 -0.      -0.00031 -0.00116]
 [ 0.       0.       0.       0.       0.       0.       0.       0.
   0.       0.       0.       0.       0.       0.       0.       0.
   0.       0.       0.       0.       0.     ]
 [ 0.00448  0.       0.       0.00284  0.00065  0.00136  0.       0.
   0.       0.       0.00326  0.00089  0.00314  0.00317  0.       0.
   0.       0.00149  0.       0.00061  0.0023 ]
 [-0.00933 -0.      -0.      -0.00591 -0.00136 -0.00284 -0.      -0.
  -0.      -0.      -0.00679 -0.00186 -0.00654 -0.00659 -0.      -0.
  -0.      -0.00311 -0.      -0.00127 -0.00478]
 [ 0.       0.       0.       0.       0.       0.       0.       0.
   0.       0.       0.       0.       0.       0.       0.       0.
   0.       0.       0.       0.       0.     ]
 [-0.01139 -0.      -0.      -0.00722 -0.00167 -0.00347 -0.      -0.
  -0.      -0.      -0.0083  -0.00227 -0.00799 -0.00805 -0.      -0.
  -0.      -0.0038  -0.      -0.00155 -0.00584]
 [ 0.       0.       0.       0.       0.       0.       0.       0.
   0.       0.       0.       0.       0.       0.       0.       0.
   0.       0.       0.       0.       0.     ]
 [ 0.       0.       0.       0.       0.       0.       0.       0.
   0.       0.       0.       0.       0.       0.       0.       0.
   0.       0.       0.       0.       0.     ]
 [-0.00531 -0.      -0.      -0.00337 -0.00078 -0.00162 -0.      -0.
  -0.      -0.      -0.00387 -0.00106 -0.00373 -0.00376 -0.      -0.
  -0.      -0.00177 -0.      -0.00072 -0.00272]
 [ 0.       0.       0.       0.       0.       0.       0.       0.
   0.       0.       0.       0.       0.       0.       0.       0.
   0.       0.       0.       0.       0.     ]
 [-0.01665 -0.      -0.      -0.01055 -0.00243 -0.00507 -0.      -0.
  -0.      -0.      -0.01213 -0.00331 -0.01168 -0.01177 -0.      -0.
  -0.      -0.00555 -0.      -0.00226 -0.00854]
 [-0.00194 -0.      -0.      -0.00123 -0.00028 -0.00059 -0.      -0.
  -0.      -0.      -0.00141 -0.00039 -0.00136 -0.00137 -0.      -0.
  -0.      -0.00065 -0.      -0.00026 -0.00099]
 [ 0.00988  0.       0.       0.00626  0.00144  0.00301  0.       0.
   0.       0.       0.00719  0.00197  0.00693  0.00698  0.       0.
   0.       0.00329  0.       0.00134  0.00507]
 [ 0.       0.       0.       0.       0.       0.       0.       0.
   0.       0.       0.       0.       0.       0.       0.       0.
   0.       0.       0.       0.       0.     ]
 [ 0.01118  0.       0.       0.00708  0.00163  0.00341  0.       0.
   0.       0.       0.00814  0.00222  0.00784  0.0079   0.       0.
   0.       0.00372  0.       0.00152  0.00574]
 [ 0.       0.       0.       0.       0.       0.       0.       0.
   0.       0.       0.       0.       0.       0.       0.       0.
   0.       0.       0.       0.       0.     ]
 [-0.0303  -0.      -0.      -0.01919 -0.00443 -0.00923 -0.      -0.
  -0.      -0.      -0.02206 -0.00603 -0.02125 -0.02142 -0.      -0.
  -0.      -0.01009 -0.      -0.00411 -0.01554]]
b_gradient: 
[ 0.0362   0.      -0.009    0.01824 -0.00784  0.       0.01558 -0.03245
  0.      -0.03963  0.       0.      -0.01848  0.      -0.05792 -0.00675
  0.03436  0.       0.03889  0.      -0.10539]

Linear(in_features=21, out_features=21, bias=True)
w_gradient: 
[[ 0.000e+00  0.000e+00  0.000e+00  0.000e+00  0.000e+00  0.000e+00
   0.000e+00  0.000e+00  0.000e+00  0.000e+00  0.000e+00  0.000e+00
   0.000e+00  0.000e+00  0.000e+00  0.000e+00  0.000e+00  0.000e+00
   0.000e+00  0.000e+00  0.000e+00]
 [-1.010e-03 -0.000e+00 -1.480e-03 -2.260e-03 -3.200e-04 -0.000e+00
  -6.500e-04 -1.540e-03 -0.000e+00 -1.310e-03 -0.000e+00 -0.000e+00
  -1.090e-03 -0.000e+00 -3.340e-03 -2.120e-03 -3.270e-03 -0.000e+00
  -2.400e-04 -0.000e+00 -9.400e-04]
 [-2.850e-03 -0.000e+00 -4.190e-03 -6.400e-03 -8.900e-04 -0.000e+00
  -1.850e-03 -4.360e-03 -0.000e+00 -3.700e-03 -0.000e+00 -0.000e+00
  -3.090e-03 -0.000e+00 -9.450e-03 -6.000e-03 -9.250e-03 -0.000e+00
  -6.700e-04 -0.000e+00 -2.660e-03]
 [ 4.800e-04  0.000e+00  7.100e-04  1.080e-03  1.500e-04  0.000e+00
   3.100e-04  7.400e-04  0.000e+00  6.300e-04  0.000e+00  0.000e+00
   5.200e-04  0.000e+00  1.600e-03  1.010e-03  1.570e-03  0.000e+00
   1.100e-04  0.000e+00  4.500e-04]
 [ 8.340e-03  0.000e+00  1.226e-02  1.875e-02  2.620e-03  0.000e+00
   5.410e-03  1.278e-02  0.000e+00  1.083e-02  0.000e+00  0.000e+00
   9.050e-03  0.000e+00  2.767e-02  1.757e-02  2.709e-02  0.000e+00
   1.950e-03  0.000e+00  7.800e-03]
 [ 4.410e-03  0.000e+00  6.470e-03  9.910e-03  1.380e-03  0.000e+00
   2.860e-03  6.750e-03  0.000e+00  5.720e-03  0.000e+00  0.000e+00
   4.780e-03  0.000e+00  1.462e-02  9.280e-03  1.431e-02  0.000e+00
   1.030e-03  0.000e+00  4.120e-03]
 [ 3.560e-03  0.000e+00  5.230e-03  8.000e-03  1.120e-03  0.000e+00
   2.310e-03  5.450e-03  0.000e+00  4.620e-03  0.000e+00  0.000e+00
   3.860e-03  0.000e+00  1.181e-02  7.500e-03  1.156e-02  0.000e+00
   8.300e-04  0.000e+00  3.330e-03]
 [-5.050e-03 -0.000e+00 -7.420e-03 -1.136e-02 -1.590e-03 -0.000e+00
  -3.280e-03 -7.740e-03 -0.000e+00 -6.560e-03 -0.000e+00 -0.000e+00
  -5.480e-03 -0.000e+00 -1.676e-02 -1.064e-02 -1.641e-02 -0.000e+00
  -1.180e-03 -0.000e+00 -4.730e-03]
 [ 0.000e+00  0.000e+00  0.000e+00  0.000e+00  0.000e+00  0.000e+00
   0.000e+00  0.000e+00  0.000e+00  0.000e+00  0.000e+00  0.000e+00
   0.000e+00  0.000e+00  0.000e+00  0.000e+00  0.000e+00  0.000e+00
   0.000e+00  0.000e+00  0.000e+00]
 [ 0.000e+00  0.000e+00  0.000e+00  0.000e+00  0.000e+00  0.000e+00
   0.000e+00  0.000e+00  0.000e+00  0.000e+00  0.000e+00  0.000e+00
   0.000e+00  0.000e+00  0.000e+00  0.000e+00  0.000e+00  0.000e+00
   0.000e+00  0.000e+00  0.000e+00]
 [-2.500e-04 -0.000e+00 -3.700e-04 -5.600e-04 -8.000e-05 -0.000e+00
  -1.600e-04 -3.800e-04 -0.000e+00 -3.300e-04 -0.000e+00 -0.000e+00
  -2.700e-04 -0.000e+00 -8.300e-04 -5.300e-04 -8.200e-04 -0.000e+00
  -6.000e-05 -0.000e+00 -2.300e-04]
 [ 2.910e-03  0.000e+00  4.280e-03  6.550e-03  9.200e-04  0.000e+00
   1.890e-03  4.460e-03  0.000e+00  3.780e-03  0.000e+00  0.000e+00
   3.160e-03  0.000e+00  9.670e-03  6.140e-03  9.470e-03  0.000e+00
   6.800e-04  0.000e+00  2.730e-03]
 [ 0.000e+00  0.000e+00  0.000e+00  0.000e+00  0.000e+00  0.000e+00
   0.000e+00  0.000e+00  0.000e+00  0.000e+00  0.000e+00  0.000e+00
   0.000e+00  0.000e+00  0.000e+00  0.000e+00  0.000e+00  0.000e+00
   0.000e+00  0.000e+00  0.000e+00]
 [ 0.000e+00  0.000e+00  0.000e+00  0.000e+00  0.000e+00  0.000e+00
   0.000e+00  0.000e+00  0.000e+00  0.000e+00  0.000e+00  0.000e+00
   0.000e+00  0.000e+00  0.000e+00  0.000e+00  0.000e+00  0.000e+00
   0.000e+00  0.000e+00  0.000e+00]
 [-6.130e-03 -0.000e+00 -9.010e-03 -1.379e-02 -1.930e-03 -0.000e+00
  -3.980e-03 -9.400e-03 -0.000e+00 -7.960e-03 -0.000e+00 -0.000e+00
  -6.650e-03 -0.000e+00 -2.035e-02 -1.292e-02 -1.992e-02 -0.000e+00
  -1.440e-03 -0.000e+00 -5.740e-03]
 [ 5.300e-04  0.000e+00  7.800e-04  1.200e-03  1.700e-04  0.000e+00
   3.500e-04  8.200e-04  0.000e+00  6.900e-04  0.000e+00  0.000e+00
   5.800e-04  0.000e+00  1.770e-03  1.120e-03  1.730e-03  0.000e+00
   1.200e-04  0.000e+00  5.000e-04]
 [-5.330e-03 -0.000e+00 -7.840e-03 -1.199e-02 -1.670e-03 -0.000e+00
  -3.460e-03 -8.170e-03 -0.000e+00 -6.920e-03 -0.000e+00 -0.000e+00
  -5.780e-03 -0.000e+00 -1.769e-02 -1.123e-02 -1.732e-02 -0.000e+00
  -1.250e-03 -0.000e+00 -4.990e-03]
 [ 0.000e+00  0.000e+00  0.000e+00  0.000e+00  0.000e+00  0.000e+00
   0.000e+00  0.000e+00  0.000e+00  0.000e+00  0.000e+00  0.000e+00
   0.000e+00  0.000e+00  0.000e+00  0.000e+00  0.000e+00  0.000e+00
   0.000e+00  0.000e+00  0.000e+00]
 [ 0.000e+00  0.000e+00  0.000e+00  0.000e+00  0.000e+00  0.000e+00
   0.000e+00  0.000e+00  0.000e+00  0.000e+00  0.000e+00  0.000e+00
   0.000e+00  0.000e+00  0.000e+00  0.000e+00  0.000e+00  0.000e+00
   0.000e+00  0.000e+00  0.000e+00]
 [ 0.000e+00  0.000e+00  0.000e+00  0.000e+00  0.000e+00  0.000e+00
   0.000e+00  0.000e+00  0.000e+00  0.000e+00  0.000e+00  0.000e+00
   0.000e+00  0.000e+00  0.000e+00  0.000e+00  0.000e+00  0.000e+00
   0.000e+00  0.000e+00  0.000e+00]
 [-1.370e-03 -0.000e+00 -2.020e-03 -3.090e-03 -4.300e-04 -0.000e+00
  -8.900e-04 -2.100e-03 -0.000e+00 -1.780e-03 -0.000e+00 -0.000e+00
  -1.490e-03 -0.000e+00 -4.550e-03 -2.890e-03 -4.460e-03 -0.000e+00
  -3.200e-04 -0.000e+00 -1.280e-03]]
b_gradient: 
[ 0.      -0.02065 -0.05847  0.00989  0.17117  0.09043  0.07306 -0.10369
  0.       0.      -0.00515  0.05981  0.       0.      -0.12587  0.01093
 -0.10945  0.       0.       0.      -0.02817]

Linear(in_features=21, out_features=21, bias=True)
w_gradient: 
[[ 0.000e+00  0.000e+00  0.000e+00  0.000e+00  0.000e+00  0.000e+00
   0.000e+00  0.000e+00  0.000e+00  0.000e+00  0.000e+00  0.000e+00
   0.000e+00  0.000e+00  0.000e+00  0.000e+00  0.000e+00  0.000e+00
   0.000e+00  0.000e+00  0.000e+00]
 [ 0.000e+00  5.200e-04  2.847e-02  1.799e-02  3.539e-02  5.990e-03
   1.357e-02  1.136e-02  0.000e+00  0.000e+00  7.390e-03  1.020e-02
   0.000e+00  0.000e+00  1.798e-02  1.972e-02  1.805e-02  0.000e+00
   0.000e+00  0.000e+00  1.735e-02]
 [ 0.000e+00  8.400e-04  4.633e-02  2.928e-02  5.759e-02  9.740e-03
   2.208e-02  1.849e-02  0.000e+00  0.000e+00  1.202e-02  1.660e-02
   0.000e+00  0.000e+00  2.926e-02  3.208e-02  2.938e-02  0.000e+00
   0.000e+00  0.000e+00  2.824e-02]
 [-0.000e+00 -1.400e-04 -7.930e-03 -5.010e-03 -9.860e-03 -1.670e-03
  -3.780e-03 -3.160e-03 -0.000e+00 -0.000e+00 -2.060e-03 -2.840e-03
  -0.000e+00 -0.000e+00 -5.010e-03 -5.490e-03 -5.030e-03 -0.000e+00
  -0.000e+00 -0.000e+00 -4.830e-03]
 [-0.000e+00 -6.300e-04 -3.433e-02 -2.170e-02 -4.268e-02 -7.220e-03
  -1.636e-02 -1.370e-02 -0.000e+00 -0.000e+00 -8.910e-03 -1.230e-02
  -0.000e+00 -0.000e+00 -2.168e-02 -2.378e-02 -2.177e-02 -0.000e+00
  -0.000e+00 -0.000e+00 -2.092e-02]
 [-0.000e+00 -1.190e-03 -6.535e-02 -4.130e-02 -8.123e-02 -1.374e-02
  -3.114e-02 -2.608e-02 -0.000e+00 -0.000e+00 -1.696e-02 -2.341e-02
  -0.000e+00 -0.000e+00 -4.127e-02 -4.526e-02 -4.144e-02 -0.000e+00
  -0.000e+00 -0.000e+00 -3.983e-02]
 [ 0.000e+00  9.000e-05  4.840e-03  3.060e-03  6.020e-03  1.020e-03
   2.310e-03  1.930e-03  0.000e+00  0.000e+00  1.260e-03  1.730e-03
   0.000e+00  0.000e+00  3.060e-03  3.350e-03  3.070e-03  0.000e+00
   0.000e+00  0.000e+00  2.950e-03]
 [ 0.000e+00  1.400e-04  7.850e-03  4.960e-03  9.760e-03  1.650e-03
   3.740e-03  3.130e-03  0.000e+00  0.000e+00  2.040e-03  2.810e-03
   0.000e+00  0.000e+00  4.960e-03  5.430e-03  4.980e-03  0.000e+00
   0.000e+00  0.000e+00  4.780e-03]
 [-0.000e+00 -1.900e-04 -1.062e-02 -6.710e-03 -1.320e-02 -2.230e-03
  -5.060e-03 -4.240e-03 -0.000e+00 -0.000e+00 -2.760e-03 -3.810e-03
  -0.000e+00 -0.000e+00 -6.710e-03 -7.350e-03 -6.730e-03 -0.000e+00
  -0.000e+00 -0.000e+00 -6.470e-03]
 [ 0.000e+00  0.000e+00  0.000e+00  0.000e+00  0.000e+00  0.000e+00
   0.000e+00  0.000e+00  0.000e+00  0.000e+00  0.000e+00  0.000e+00
   0.000e+00  0.000e+00  0.000e+00  0.000e+00  0.000e+00  0.000e+00
   0.000e+00  0.000e+00  0.000e+00]
 [ 0.000e+00  0.000e+00  0.000e+00  0.000e+00  0.000e+00  0.000e+00
   0.000e+00  0.000e+00  0.000e+00  0.000e+00  0.000e+00  0.000e+00
   0.000e+00  0.000e+00  0.000e+00  0.000e+00  0.000e+00  0.000e+00
   0.000e+00  0.000e+00  0.000e+00]
 [ 0.000e+00  1.000e-05  7.200e-04  4.500e-04  8.900e-04  1.500e-04
   3.400e-04  2.900e-04  0.000e+00  0.000e+00  1.900e-04  2.600e-04
   0.000e+00  0.000e+00  4.500e-04  5.000e-04  4.600e-04  0.000e+00
   0.000e+00  0.000e+00  4.400e-04]
 [ 0.000e+00  0.000e+00  0.000e+00  0.000e+00  0.000e+00  0.000e+00
   0.000e+00  0.000e+00  0.000e+00  0.000e+00  0.000e+00  0.000e+00
   0.000e+00  0.000e+00  0.000e+00  0.000e+00  0.000e+00  0.000e+00
   0.000e+00  0.000e+00  0.000e+00]
 [ 0.000e+00  0.000e+00  0.000e+00  0.000e+00  0.000e+00  0.000e+00
   0.000e+00  0.000e+00  0.000e+00  0.000e+00  0.000e+00  0.000e+00
   0.000e+00  0.000e+00  0.000e+00  0.000e+00  0.000e+00  0.000e+00
   0.000e+00  0.000e+00  0.000e+00]
 [-0.000e+00 -2.000e-04 -1.114e-02 -7.040e-03 -1.385e-02 -2.340e-03
  -5.310e-03 -4.450e-03 -0.000e+00 -0.000e+00 -2.890e-03 -3.990e-03
  -0.000e+00 -0.000e+00 -7.040e-03 -7.720e-03 -7.060e-03 -0.000e+00
  -0.000e+00 -0.000e+00 -6.790e-03]
 [ 0.000e+00  2.100e-04  1.169e-02  7.390e-03  1.454e-02  2.460e-03
   5.570e-03  4.670e-03  0.000e+00  0.000e+00  3.030e-03  4.190e-03
   0.000e+00  0.000e+00  7.390e-03  8.100e-03  7.410e-03  0.000e+00
   0.000e+00  0.000e+00  7.130e-03]
 [ 0.000e+00  3.900e-04  2.152e-02  1.360e-02  2.675e-02  4.530e-03
   1.025e-02  8.590e-03  0.000e+00  0.000e+00  5.580e-03  7.710e-03
   0.000e+00  0.000e+00  1.359e-02  1.490e-02  1.364e-02  0.000e+00
   0.000e+00  0.000e+00  1.311e-02]
 [ 0.000e+00  0.000e+00  0.000e+00  0.000e+00  0.000e+00  0.000e+00
   0.000e+00  0.000e+00  0.000e+00  0.000e+00  0.000e+00  0.000e+00
   0.000e+00  0.000e+00  0.000e+00  0.000e+00  0.000e+00  0.000e+00
   0.000e+00  0.000e+00  0.000e+00]
 [-0.000e+00 -1.600e-04 -8.650e-03 -5.470e-03 -1.076e-02 -1.820e-03
  -4.120e-03 -3.450e-03 -0.000e+00 -0.000e+00 -2.250e-03 -3.100e-03
  -0.000e+00 -0.000e+00 -5.470e-03 -5.990e-03 -5.490e-03 -0.000e+00
  -0.000e+00 -0.000e+00 -5.270e-03]
 [ 0.000e+00  0.000e+00  0.000e+00  0.000e+00  0.000e+00  0.000e+00
   0.000e+00  0.000e+00  0.000e+00  0.000e+00  0.000e+00  0.000e+00
   0.000e+00  0.000e+00  0.000e+00  0.000e+00  0.000e+00  0.000e+00
   0.000e+00  0.000e+00  0.000e+00]
 [-0.000e+00 -2.500e-04 -1.371e-02 -8.670e-03 -1.705e-02 -2.880e-03
  -6.530e-03 -5.470e-03 -0.000e+00 -0.000e+00 -3.560e-03 -4.910e-03
  -0.000e+00 -0.000e+00 -8.660e-03 -9.500e-03 -8.690e-03 -0.000e+00
  -0.000e+00 -0.000e+00 -8.360e-03]]
b_gradient: 
[ 0.       0.16243  0.26431 -0.04524 -0.19586 -0.37282  0.02762  0.04477
 -0.06059  0.       0.       0.0041   0.       0.      -0.06356  0.06671
  0.12275  0.      -0.04937  0.      -0.07823]

Linear(in_features=21, out_features=21, bias=True)
w_gradient: 
[[ 0.       0.       0.       0.       0.       0.       0.       0.
   0.       0.       0.       0.       0.       0.       0.       0.
   0.       0.       0.       0.       0.     ]
 [ 0.       0.       0.       0.       0.       0.       0.       0.
   0.       0.       0.       0.       0.       0.       0.       0.
   0.       0.       0.       0.       0.     ]
 [ 0.       0.       0.       0.       0.       0.       0.       0.
   0.       0.       0.       0.       0.       0.       0.       0.
   0.       0.       0.       0.       0.     ]
 [ 0.       0.       0.       0.       0.       0.       0.       0.
   0.       0.       0.       0.       0.       0.       0.       0.
   0.       0.       0.       0.       0.     ]
 [ 0.       0.08694  0.08743  0.05657  0.10877  0.01278  0.05121  0.10327
   0.11687  0.       0.       0.09232  0.       0.       0.18075  0.02225
   0.01413  0.       0.05445  0.       0.04162]
 [ 0.       0.02465  0.02479  0.01604  0.03083  0.00362  0.01452  0.02928
   0.03313  0.       0.       0.02617  0.       0.       0.05124  0.00631
   0.00401  0.       0.01544  0.       0.0118 ]
 [-0.      -0.05653 -0.05685 -0.03679 -0.07073 -0.00831 -0.0333  -0.06715
  -0.07599 -0.      -0.      -0.06003 -0.      -0.      -0.11753 -0.01447
  -0.00919 -0.      -0.03541 -0.      -0.02706]
 [ 0.       0.       0.       0.       0.       0.       0.       0.
   0.       0.       0.       0.       0.       0.       0.       0.
   0.       0.       0.       0.       0.     ]
 [ 0.       0.       0.       0.       0.       0.       0.       0.
   0.       0.       0.       0.       0.       0.       0.       0.
   0.       0.       0.       0.       0.     ]
 [-0.      -0.05285 -0.05315 -0.03439 -0.06613 -0.00777 -0.03113 -0.06278
  -0.07105 -0.      -0.      -0.05613 -0.      -0.      -0.10988 -0.01353
  -0.00859 -0.      -0.0331  -0.      -0.0253 ]
 [ 0.       0.       0.       0.       0.       0.       0.       0.
   0.       0.       0.       0.       0.       0.       0.       0.
   0.       0.       0.       0.       0.     ]
 [ 0.       0.       0.       0.       0.       0.       0.       0.
   0.       0.       0.       0.       0.       0.       0.       0.
   0.       0.       0.       0.       0.     ]
 [ 0.       0.       0.       0.       0.       0.       0.       0.
   0.       0.       0.       0.       0.       0.       0.       0.
   0.       0.       0.       0.       0.     ]
 [ 0.       0.       0.       0.       0.       0.       0.       0.
   0.       0.       0.       0.       0.       0.       0.       0.
   0.       0.       0.       0.       0.     ]
 [-0.      -0.02734 -0.02749 -0.01779 -0.0342  -0.00402 -0.0161  -0.03247
  -0.03675 -0.      -0.      -0.02903 -0.      -0.      -0.05683 -0.007
  -0.00444 -0.      -0.01712 -0.      -0.01309]
 [ 0.       0.       0.       0.       0.       0.       0.       0.
   0.       0.       0.       0.       0.       0.       0.       0.
   0.       0.       0.       0.       0.     ]
 [-0.      -0.02738 -0.02754 -0.01782 -0.03426 -0.00403 -0.01613 -0.03253
  -0.03681 -0.      -0.      -0.02908 -0.      -0.      -0.05693 -0.00701
  -0.00445 -0.      -0.01715 -0.      -0.01311]
 [-0.      -0.09732 -0.09788 -0.06333 -0.12176 -0.01431 -0.05733 -0.11561
  -0.13083 -0.      -0.      -0.10335 -0.      -0.      -0.20234 -0.02491
  -0.01582 -0.      -0.06096 -0.      -0.04659]
 [ 0.       0.       0.       0.       0.       0.       0.       0.
   0.       0.       0.       0.       0.       0.       0.       0.
   0.       0.       0.       0.       0.     ]
 [-0.      -0.07197 -0.07238 -0.04683 -0.09004 -0.01058 -0.04239 -0.08549
  -0.09674 -0.      -0.      -0.07643 -0.      -0.      -0.14963 -0.01842
  -0.0117  -0.      -0.04508 -0.      -0.03445]
 [ 0.       0.       0.       0.       0.       0.       0.       0.
   0.       0.       0.       0.       0.       0.       0.       0.
   0.       0.       0.       0.       0.     ]]
b_gradient: 
[ 0.       0.       0.       0.       0.62404  0.17691 -0.40578  0.
  0.      -0.37938  0.       0.       0.       0.      -0.19622  0.
 -0.19655 -0.69859  0.      -0.51659  0.     ]

Linear(in_features=21, out_features=1, bias=True)
w_gradient: 
[[ 0.       0.       0.       0.      -0.46902 -0.67287 -0.39524  0.
   0.      -0.51238  0.       0.       0.       0.      -0.31899  0.
  -0.26245 -0.37256  0.      -0.02722  0.     ]]
b_gradient: 
[-3.39192]
